# logA n_s theta_s_100 omega_b omega_cdm tau_reio A_planck calib_100T calib_217T A_cib_217 xi_sz_cib A_sz ksz_norm gal545_A_100 gal545_A_143 gal545_A_143_217 gal545_A_217 ps_A_100_100 ps_A_143_143 ps_A_143_217 ps_A_217_217 galf_TE_A_100 galf_TE_A_100_143 galf_TE_A_100_217 galf_TE_A_143 galf_TE_A_143_217 galf_TE_A_217
2.106971623411845547e-04 1.690150744178825826e-05 5.251406808762659942e-07 5.851430906827653559e-07 -5.837992891957582174e-06 1.014861597718065539e-04 9.589383219242459205e-06 -4.821338002246590287e-09 -1.075974778067605578e-07 -4.241879360320884723e-03 3.900232042784144314e-05 6.935338863179475039e-04 -2.435059435033262287e-03 -3.490341784024422528e-04 -1.300835702092192512e-03 -8.668781421006663745e-04 2.141589685239961727e-03 -1.429768592485553338e-02 -6.117657044143122620e-03 -7.265426236531838345e-04 6.440265248257420402e-03 2.684377246289985034e-06 -4.732354261615114260e-06 4.433662879606130609e-08 -9.473793434331078433e-06 -1.205924539086089824e-05 -6.270678324206463612e-05
1.690150744178825826e-05 1.794374656387246709e-05 2.972671691098841170e-07 2.738061390068573254e-07 -3.666031174283235465e-06 1.247720411308704252e-05 8.564970452327656607e-07 -7.129609885262556511e-08 -8.610574047646528409e-08 -4.572956596950165931e-03 1.121942532327876616e-04 8.564735772591843118e-04 -2.333783005985115046e-03 2.797485812954606790e-04 -5.038608215720519982e-04 -6.712222999503954322e-04 8.576633580141247932e-04 -2.255894343805948943e-02 -7.115995319643413260e-03 1.450368683530537132e-03 5.117833074248735216e-03 -3.181587625665349949e-06 -9.004929094767735672e-07 6.425892652245071608e-07 -1.984789593421967971e-06 -1.013891330518429141e-05 -4.401898702222175789e-05
5.251406808762659942e-07 2.972671691098841170e-07 8.457270445181316825e-08 1.000198608848865651e-08 -8.073006967430839187e-08 2.790551356303789590e-07 3.682070468913017124e-08 -3.767508572115550388e-09 2.611518014989792635e-09 -9.691913815695787741e-06 2.770813321412497895e-07 -8.177968244454616654e-07 1.130214508503123490e-05 2.869313036560556304e-06 -9.251954846840236774e-06 -1.390156406938727958e-05 -9.492895762514420759e-06 -1.126597597654107209e-04 -4.542258428384552196e-05 -2.822033277931610448e-05 3.819488805090295794e-06 -2.233966173783756383e-07 -9.250320872366105464e-08 4.543319704589256985e-07 -3.695940345359322891e-07 -9.488197741504115277e-08 -1.230032331761265933e-06
5.851430906827653559e-07 2.738061390068573254e-07 1.000198608848865651e-08 2.243857762839861356e-08 -1.053191375933835171e-07 3.370209344971344724e-07 3.119417928548622993e-08 1.711384048827079178e-09 -1.966098941805194608e-09 -8.068376089318187599e-05 1.553514187102968647e-06 1.932071503839212465e-05 -3.784517207223878971e-05 -8.728692219920280075e-08 -1.033241764379392833e-05 -1.200957351398196797e-05 6.124954209271098856e-06 -3.907049578170968137e-04 -2.203227962062739354e-04 -6.650706202437428952e-05 2.007957739910540463e-05 -1.289213932929526079e-07 -3.876611663107141045e-08 1.125632320719507055e-08 -2.199806277945598780e-07 -3.983227632653210004e-07 -1.879439648986272240e-06
-5.837992891957582174e-06 -3.666031174283235465e-06 -8.073006967430839187e-08 -1.053191375933835171e-07 1.518078740956500184e-06 -4.320720157709121737e-06 -3.231933102825033952e-07 -4.671160188285319158e-09 1.177333946536667034e-08 2.322137547684087911e-04 -6.575915689771805050e-06 -4.227946662615236989e-05 1.395053962040143669e-04 -3.255122412844769631e-06 2.614159853470738148e-05 7.360086173806090022e-05 4.953721183773114389e-05 1.058461564564708258e-03 1.004433038922289759e-03 4.763866519921778871e-04 1.078735569521872795e-04 1.050690058453092210e-06 2.812023705577849314e-07 5.812743854535712023e-07 7.108711930779979158e-07 3.254517181200296498e-06 1.469233790775150912e-05
1.014861597718065539e-04 1.247720411308704252e-05 2.790551356303789590e-07 3.370209344971344724e-07 -4.320720157709121737e-06 5.704533687986640335e-05 -1.003611847607524324e-06 -7.795386348105525342e-08 -6.566619038456762383e-08 -2.270940460202044379e-03 -5.286101501061439037e-06 3.932599198029555591e-04 -9.794353300925633804e-04 3.111977053894090562e-05 -3.228314047976381038e-04 -2.712627856287159241e-04 2.863285744026498208e-04 -9.557138837059874284e-03 -4.696939952047434613e-03 -2.107187784859495053e-03 6.275007721479385981e-04 7.043558837025189984e-07 -2.376092994423977046e-06 -1.241060663551064382e-06 -5.172980066456328589e-06 -9.551459186587893293e-06 -4.652218634344141597e-05
9.589383219242459205e-06 8.564970452327656607e-07 3.682070468913017124e-08 3.119417928548622993e-08 -3.231933102825033952e-07 -1.003611847607524324e-06 6.098170502138646005e-06 4.470397090640441128e-09 1.890339367553109373e-09 6.153768017538092288e-04 1.471861441096158522e-05 4.622557920321239191e-06 -6.265997648333875231e-05 -7.543866911982486040e-05 -8.389770536479787468e-05 -2.895139931845841315e-06 7.874890819708383694e-04 3.045166884211592158e-03 5.359142781057318764e-04 5.826521399646281216e-04 1.152235548965294381e-03 -1.843990350049719811e-07 -2.760879467416267310e-07 1.240936328093071465e-06 -1.577820154705887724e-07 1.753760582851844725e-07 2.901830068076868578e-07
-4.821338002246590287e-09 -7.129609885262556511e-08 -3.767508572115550388e-09 1.711384048827079178e-09 -4.671160188285319158e-09 -7.795386348105524018e-08 4.470397090640441128e-09 3.767018065498195332e-07 -3.932680945249005850e-09 -2.307332215747928033e-04 4.204388300816806839e-06 1.085681891419419849e-04 -7.300129670006035498e-05 1.816668560100509879e-04 -1.771183990886670688e-04 -1.383206030510544162e-05 1.010789407378703716e-04 3.746096365168566800e-03 4.265797884165788319e-05 3.693585639703864739e-04 4.607491799522798461e-04 -3.538161388389369477e-08 1.750833665614712584e-07 -2.970181460546090016e-07 1.809352070704120043e-08 -1.730145103101480491e-08 -8.186401801445830662e-07
-1.075974778067605578e-07 -8.610574047646528409e-08 2.611518014989792635e-09 -1.966098941805194608e-09 1.177333946536667034e-08 -6.566619038456763706e-08 1.890339367553109373e-09 -3.932680945249005850e-09 3.760332016682894913e-07 7.018805180247296611e-04 3.585714598079042198e-07 -2.882518219822411789e-05 -1.517390856054595871e-06 -5.092378529942727428e-06 -2.975996536923497090e-05 4.349511301495809896e-04 9.444349645339140736e-04 2.703277165011215653e-04 1.730581598752539544e-04 -3.140588096274817909e-04 -1.277464864435591324e-03 3.048881364189019842e-07 2.195009130096756077e-07 5.063555200936759583e-07 1.529919414808258978e-07 1.590626246759768792e-07 -6.636606835342157299e-07
-4.241879360320885591e-03 -4.572956596950165931e-03 -9.691913815695792824e-06 -8.068376089318187599e-05 2.322137547684087911e-04 -2.270940460202044379e-03 6.153768017538092288e-04 -2.307332215747928033e-04 7.018805180247296611e-04 4.425259796219999231e+01 -3.819234201787126692e-01 -8.862133858548207899e-01 -1.885103467908333941e-01 2.947804979548882681e-02 5.015160013918233961e-01 -5.952288495168875926e+00 -3.351039243951206004e+01 3.241867439575201360e+01 1.974327233084705924e+00 -1.262910433991805803e+01 -5.428218548157087042e+01 1.950080526341932961e-04 -1.298008556410325818e-03 9.006189623385393167e-03 -2.924558100509832941e-03 -7.171570648860902016e-03 -2.089423095443337236e-03
3.900232042784143637e-05 1.121942532327876616e-04 2.770813321412500013e-07 1.553514187102968647e-06 -6.575915689771805050e-06 -5.286101501061445813e-06 1.471861441096158352e-05 4.204388300816805145e-06 3.585714598079037963e-07 -3.819234201787126692e-01 8.158124304195008003e-02 -4.337019109813902706e-02 4.878422446937963342e-02 -8.115146684342169903e-03 6.502734395115708846e-03 1.022436650537085906e-01 1.357789045965141772e-01 -5.072176076433170255e-01 9.103935312633009147e-01 1.690471925736523717e+00 6.266489119828879684e-01 -1.491915590975213064e-04 -1.117682238480434588e-04 -2.642839733837566577e-04 7.602923111726543528e-06 -1.330627571385893811e-04 -7.885985336515061780e-04
6.935338863179473954e-04 8.564735772591845287e-04 -8.177968244454626183e-07 1.932071503839212465e-05 -4.227946662615236989e-05 3.932599198029556676e-04 4.622557920321265449e-06 1.085681891419419985e-04 -2.882518219822411451e-05 -8.862133858548205678e-01 -4.337019109813902706e-02 3.825080951506013793e+00 -2.696495844413296705e+00 -1.829649158691173394e-01 1.140050031610759101e-01 2.634594854630419203e+00 3.265391588202595674e+00 -3.047392577074920084e+01 -3.136412534385773387e+00 7.616415203591719418e+00 5.436926567779510222e+00 6.373611657960975797e-04 5.339600651149178966e-04 8.277573553086996000e-04 3.221910793959219038e-04 -9.828725829886291240e-06 -8.892011375621270211e-03
-2.435059435033262287e-03 -2.333783005985115046e-03 1.130214508503122982e-05 -3.784517207223878971e-05 1.395053962040144211e-04 -9.794353300925633804e-04 -6.265997648333875231e-05 -7.300129670006036853e-05 -1.517390856054595236e-06 -1.885103467908333941e-01 4.878422446937963342e-02 -2.696495844413296705e+00 5.759610557663865649e+00 8.204190987017871695e-02 -1.275810338256171406e-01 -2.023163472481111391e+00 -2.268474428835924428e+00 1.413279310945623379e+01 -4.672284860802587758e+00 -1.148064110203306143e+01 -9.060528656856922325e+00 -1.285621745388712371e-03 -7.888901882554404154e-04 -1.528525639471311820e-03 7.699396255626789979e-04 -5.238800798335266221e-04 4.985807874817250844e-03
-3.490341784024423070e-04 2.797485812954606790e-04 2.869313036560556304e-06 -8.728692219920362132e-08 -3.255122412844765396e-06 3.111977053894094628e-05 -7.543866911982486040e-05 1.816668560100510150e-04 -5.092378529942725734e-06 2.947804979548880946e-02 -8.115146684342169903e-03 -1.829649158691173394e-01 8.204190987017871695e-02 3.377079912101022430e+00 5.519923908054916728e-01 1.583238491941188764e-01 1.484042886405375072e-01 -6.699297605613527828e+00 -5.936547777241808488e-01 -9.353372430487215672e-01 -4.520979578993875037e-01 -1.675965252759507800e-05 -8.332415746868181530e-05 3.049878242289922399e-04 -1.886807370236161067e-03 9.771705862334656044e-05 4.321810000288201143e-05
-1.300835702092192729e-03 -5.038608215720519982e-04 -9.251954846840236774e-06 -1.033241764379392663e-05 2.614159853470738148e-05 -3.228314047976381038e-04 -8.389770536479787468e-05 -1.771183990886670688e-04 -2.975996536923497090e-05 5.015160013918233961e-01 6.502734395115712315e-03 1.140050031610759101e-01 -1.275810338256171128e-01 5.519923908054915618e-01 3.158979510922305334e+00 2.678343260040680907e+00 2.748191160654799958e+00 5.536060440385491610e+00 -1.469429907230575205e+00 -9.311113788206917263e-01 -1.277131965432221294e+00 8.140710947443888538e-04 -7.563537607756037288e-04 1.658415565879910961e-03 -1.228569321118382638e-03 6.132473910419741162e-04 4.533157038117392387e-03
-8.668781421006663745e-04 -6.712222999503955406e-04 -1.390156406938728466e-05 -1.200957351398196797e-05 7.360086173806090022e-05 -2.712627856287158699e-04 -2.895139931845823527e-06 -1.383206030510544162e-05 4.349511301495809896e-04 -5.952288495168875926e+00 1.022436650537085906e-01 2.634594854630419203e+00 -2.023163472481111391e+00 1.583238491941188486e-01 2.678343260040680907e+00 1.086177313089773477e+01 1.957381052856554859e+01 -1.211918191749326112e+01 3.234695294093251405e+00 4.599243518166640676e+00 5.611556260932187179e+00 1.392432630120871151e-03 1.281149308119603326e-04 1.210157964298458474e-03 7.168458104882413249e-04 5.399163831646430767e-03 8.832978160069681478e-03
2.141589685239961727e-03 8.576633580141247932e-04 -9.492895762514420759e-06 6.124954209271098009e-06 4.953721183773114389e-05 2.863285744026497124e-04 7.874890819708383694e-04 1.010789407378703716e-04 9.444349645339140736e-04 -3.351039243951206004e+01 1.357789045965141772e-01 3.265391588202595674e+00 -2.268474428835924428e+00 1.484042886405375072e-01 2.748191160654799958e+00 1.957381052856554504e+01 5.437883019813924790e+01 -2.141064231440988408e+01 4.101110669602358705e+00 7.621782312124049774e+00 3.348957568274973084e+01 3.319243419990797282e-03 2.785998577578481170e-03 1.634720095393766334e-03 2.485653089022187186e-03 1.610942724872402310e-02 2.777514975966064240e-02
-1.429768592485553338e-02 -2.255894343805948943e-02 -1.126597597654107073e-04 -3.907049578170968137e-04 1.058461564564708258e-03 -9.557138837059874284e-03 3.045166884211592158e-03 3.746096365168567668e-03 2.703277165011215653e-04 3.241867439575201360e+01 -5.072176076433171366e-01 -3.047392577074920084e+01 1.413279310945623379e+01 -6.699297605613527828e+00 5.536060440385491610e+00 -1.211918191749326290e+01 -2.141064231440988408e+01 7.736120370778885444e+02 6.677072808124904668e+01 -5.533870840859789553e+01 -5.836133986476224322e+01 1.197616598910116901e-03 5.549933434078275878e-03 1.924754372662582438e-02 1.507225255660848973e-02 4.148075461967642985e-02 1.344100259172658907e-01
-6.117657044143120885e-03 -7.115995319643413260e-03 -4.542258428384552196e-05 -2.203227962062739354e-04 1.004433038922289759e-03 -4.696939952047434613e-03 5.359142781057318764e-04 4.265797884165789674e-05 1.730581598752539544e-04 1.974327233084706590e+00 9.103935312633009147e-01 -3.136412534385773387e+00 -4.672284860802587758e+00 -5.936547777241808488e-01 -1.469429907230575427e+00 3.234695294093251405e+00 4.101110669602358705e+00 6.677072808124904668e+01 5.969524857165705356e+01 3.924842511412838064e+01 1.411097997811014260e+01 5.580864128648300613e-04 4.881049493965647834e-04 -4.338939316730807804e-04 1.985121196480380424e-03 8.700848442596338661e-03 3.244419602256599922e-02
-7.265426236531838345e-04 1.450368683530537349e-03 -2.822033277931611803e-05 -6.650706202437428952e-05 4.763866519921778871e-04 -2.107187784859495053e-03 5.826521399646281216e-04 3.693585639703864739e-04 -3.140588096274818451e-04 -1.262910433991805803e+01 1.690471925736523939e+00 7.616415203591719418e+00 -1.148064110203306143e+01 -9.353372430487215672e-01 -9.311113788206917263e-01 4.599243518166640676e+00 7.621782312124049774e+00 -5.533870840859789553e+01 3.924842511412838064e+01 8.444392336332423099e+01 5.209252323771296744e+01 1.643001410851452956e-03 4.644545342548384438e-04 -2.388238475030773390e-03 -9.741185666421064461e-04 -1.033247752860790144e-03 -3.080663849074036578e-02
6.440265248257420402e-03 5.117833074248735216e-03 3.819488805090293253e-06 2.007957739910540463e-05 1.078735569521872931e-04 6.275007721479384896e-04 1.152235548965294381e-03 4.607491799522798461e-04 -1.277464864435591324e-03 -5.428218548157087042e+01 6.266489119828879684e-01 5.436926567779510222e+00 -9.060528656856922325e+00 -4.520979578993875037e-01 -1.277131965432221294e+00 5.611556260932187179e+00 3.348957568274973084e+01 -5.836133986476224322e+01 1.411097997811014260e+01 5.209252323771296744e+01 1.017379100231658953e+02 3.459000956196773505e-03 1.265509426184677341e-03 -1.422390154729600946e-02 1.244086198408565335e-03 9.329960201882071813e-03 -1.627975165409261196e-02
2.684377246289984610e-06 -3.181587625665348679e-06 -2.233966173783756383e-07 -1.289213932929526079e-07 1.050690058453092421e-06 7.043558837025183631e-07 -1.843990350049721134e-07 -3.538161388389366168e-08 3.048881364189020371e-07 1.950080526341938653e-04 -1.491915590975213335e-04 6.373611657960974713e-04 -1.285621745388711937e-03 -1.675965252759512882e-05 8.140710947443884201e-04 1.392432630120871151e-03 3.319243419990796414e-03 1.197616598910117118e-03 5.580864128648304950e-04 1.643001410851454040e-03 3.459000956196773505e-03 1.448394215079017080e-03 2.699617569936767669e-04 6.579213618417027374e-05 -3.769985908707211369e-04 -1.427096125645833458e-04 -1.502987647740448905e-04
-4.732354261615115107e-06 -9.004929094767735672e-07 -9.250320872366104141e-08 -3.876611663107141707e-08 2.812023705577848785e-07 -2.376092994423976623e-06 -2.760879467416267310e-07 1.750833665614712584e-07 2.195009130096756342e-07 -1.298008556410325818e-03 -1.117682238480434723e-04 5.339600651149177882e-04 -7.888901882554401985e-04 -8.332415746868196437e-05 -7.563537607756037288e-04 1.281149308119603598e-04 2.785998577578481170e-03 5.549933434078275878e-03 4.881049493965652171e-04 4.644545342548376849e-04 1.265509426184676257e-03 2.699617569936767127e-04 8.579657178315304661e-04 -2.207509091655451887e-05 7.268090342153046618e-04 1.855803978025775627e-05 -8.497734640195045257e-04
4.433662879606240458e-08 6.425892652245073726e-07 4.543319704589257515e-07 1.125632320719508875e-08 5.812743854535709905e-07 -1.241060663551064806e-06 1.240936328093071465e-06 -2.970181460546091604e-07 5.063555200936759583e-07 9.006189623385393167e-03 -2.642839733837566577e-04 8.277573553086993831e-04 -1.528525639471311386e-03 3.049878242289927820e-04 1.658415565879911395e-03 1.210157964298458474e-03 1.634720095393765033e-03 1.924754372662582438e-02 -4.338939316730792625e-04 -2.388238475030772957e-03 -1.422390154729600599e-02 6.579213618417026018e-05 -2.207509091655451548e-05 7.227054880913078710e-03 -3.510639275297922665e-04 7.298778540880940637e-04 4.812563778358620349e-03
-9.473793434331078433e-06 -1.984789593421967548e-06 -3.695940345359323421e-07 -2.199806277945598780e-07 7.108711930779980217e-07 -5.172980066456328589e-06 -1.577820154705888518e-07 1.809352070704109786e-08 1.529919414808258713e-07 -2.924558100509832941e-03 7.602923111726561316e-06 3.221910793959217954e-04 7.699396255626789979e-04 -1.886807370236161284e-03 -1.228569321118382638e-03 7.168458104882406744e-04 2.485653089022188053e-03 1.507225255660848799e-02 1.985121196480382159e-03 -9.741185666421064461e-04 1.244086198408564901e-03 -3.769985908707211369e-04 7.268090342153046618e-04 -3.510639275297922665e-04 2.853586116962883792e-03 5.793002883340510117e-04 -8.631185035047045763e-04
-1.205924539086089824e-05 -1.013891330518429141e-05 -9.488197741504119247e-08 -3.983227632653210534e-07 3.254517181200296498e-06 -9.551459186587894987e-06 1.753760582851843402e-07 -1.730145103101477183e-08 1.590626246759767998e-07 -7.171570648860902016e-03 -1.330627571385893811e-04 -9.828725829886924821e-06 -5.238800798335266221e-04 9.771705862334693991e-05 6.132473910419737910e-04 5.399163831646429032e-03 1.610942724872402310e-02 4.148075461967642985e-02 8.700848442596340396e-03 -1.033247752860789060e-03 9.329960201882071813e-03 -1.427096125645833458e-04 1.855803978025775288e-05 7.298778540880942805e-04 5.793002883340510117e-04 6.529787416411881977e-03 8.232656529722404484e-03
-6.270678324206463612e-05 -4.401898702222175789e-05 -1.230032331761265510e-06 -1.879439648986272240e-06 1.469233790775150912e-05 -4.652218634344141597e-05 2.901830068076857460e-07 -8.186401801445830662e-07 -6.636606835342160475e-07 -2.089423095443338537e-03 -7.885985336515061780e-04 -8.892011375621270211e-03 4.985807874817248242e-03 4.321810000288172683e-05 4.533157038117392387e-03 8.832978160069684948e-03 2.777514975966063893e-02 1.344100259172658907e-01 3.244419602256599922e-02 -3.080663849074037272e-02 -1.627975165409261196e-02 -1.502987647740448905e-04 -8.497734640195045257e-04 4.812563778358620349e-03 -8.631185035047049016e-04 8.232656529722402750e-03 7.438479742361349401e-02
